$ANSIBLE_VAULT;1.1;AES256
64613732623430643166386634356665303935643435333062663264313661663131303763323933
3864353665373239646263663938383862373362343362350a393237363264643861396136356334
38326165656236623161613961306534666333663663353230356634353365343830343630383731
6337666631656461310a313435616639386330393630346435613131376632303234613639636631
33633331613239623664343932313638343732653037303532666538653332386634393364663130
37663931633264643565356165626635373864303433346536363435343664373161303630333434
30376434623434353162323337643331383730613138353966356433303537343564313934613335
64333265336433656461653064653163303339303566666537383462666235323438643661343930
39306239633937613834646638666535616331663030373837383166613265373533356136396466
64366130346336326537323661393231353562383138643732316232303864353932346134396265
64353531626663316537336561633964393331363239326266316138663832363166393064303264
36353866376235353666623936666237616161663165316266323431323762643064613765316330
62643465313766656131313761373633373137353036393961643034363861393262343237336561
36333437313836383063396164376465313462326537326437383366376366353661636362323134
36303234636433623861376561376432323964663961313661333038616166623837383639373233
39633334353664386132336133383838353366396362383834323361333333316466646130386361
39653961333565646532383432396135316334363831663237383931386335323335323534313636
39313331333135656630653834303263363138393262383132356233633338336262313032653838
38653666653366356235363661316535316661663434646262636462396531343165663038343137
33623361383363663038323834306139616138383363386138373361323132316366363430313736
62656463316130643537633835613563353539376161653862613761636333646636643837353662
35333632656431663364353431663134666262363030616335343236363833616436313463353036
32656564363232363438626463666664343839393831366463663566313039303262653565643666
39333034303838306338353064373335303732323962663035396664343634336231616137306330
65623962623161346562633534393738396335656466613566643737353965636665303232623731
36383136656232623961643731656236376335636135383336343839613131396462363464653633
35393366376438353137636134613435636631336335383135636633663535313531646330643330
32383936323463396561653533613066363361333133666336393734646261323765653039326538
32653263356262363130393034656436656235326131336264353061346263616532
